0
0
0.218954
0.218954
0.163677
0.163677
0.242782
0.242782
0.00364992
0.00364992
1.05249
1.05249
2.37223
2.37223
0.299152
0.299152
11.3651
11.3651
3.11873
3.11873
1.85043
1.85043
3.63806
3.63806
0.163704
0.163704
2.52175
2.52175
0.475162
0.475162
0.250444
0.250444
0.742599
0.742599
0.650451
0.650451
3.28537
3.28537
1.30032
1.30032
0.882772
0.882772
2.04169
2.04169
0.255731
0.255731
0.498164
0.498164
3.47768
3.47768
2.8873
2.8873
0.993722
0.993722
0.978151
0.978151
2.10418
2.10418
1.37348
1.37348
0.820747
0.820747
0.135971
0.135971
0.628811
0.628811
0.54623
0.54623
1.25775
1.25775
0.204885
0.204885
0.965696
0.965696
1.09579
1.09579
1.23165
1.23165
1.102
1.102
3.57409
3.57409
2.01467
2.01467
1.33164
1.33164
3.02256
3.02256
4.04887
4.04887
3.46863
3.46863
1.25403
1.25403
1.28892
1.28892
2.33999
2.33999
0.00283183
0.00283183
4.59199
4.59199
1.24888
1.24888
1.69111
1.69111
0.886328
0.886328
1.46456
1.46456
0.541205
0.541205
1.41673
1.41673
2.00777
2.00777
2.68972
2.68972
0.287208
0.287208
0.371995
0.371995
0.516677
0.516677
2.21185
2.21185
3.69171
3.69171
1.04854
1.04854
1.10675
1.10675
0.589248
0.589248
0.230206
0.230206
2.68253
2.68253
0.741314
0.741314
0.708898
0.708898
1.11506
1.11506
2.105
2.105
0.650125
0.650125
0.641146
0.641146
1.3665
1.3665
0.298838
0.298838
2.27089
2.27089
0.113381
0.113381
2.03409
2.03409
0.685919
0.685919
0.515178
0.515178
3.58503
3.58503
1.39609
1.39609
0.399582
0.399582
3.60622
3.60622
3.24566
3.24566
0.176451
0.176451
3.11912
3.11912
0.366799
0.366799
0.211637
0.211637
0.529317
0.529317
2.05866
2.05866
2.06363
2.06363
0.581401
0.581401
1.04789
1.04789
1.37246
1.37246
2.7555
2.7555
1.26074
1.26074
6.33705
6.33705
0.0190319
0.0190319
0.529204
0.529204
2.21677
2.21677
1.93591
1.93591
0.680442
0.680442
2.13069
2.13069
0.391098
0.391098
0.78727
0.78727
4.34432
4.34432
0.955873
0.955873
3.95062
3.95062
0.355014
0.355014
0.435859
0.435859
5.02073
5.02073
3.41027
3.41027
1.23221
1.23221
2.22292
2.22292
0.770555
0.770555
3.78051
3.78051
0.210226
0.210226
0.709828
0.709828
1.04396
1.04396
0.610922
0.610922
1.90024
1.90024
0.100476
0.100476
2.23264
2.23264
1.00437
1.00437
2.42736
2.42736
2.44771
2.44771
0.789682
0.789682
0.028765
0.028765
1.19335
1.19335
0.527846
0.527846
1.1464
1.1464
5.33562
5.33562
3.58974
3.58974
1.47102
1.47102
1.41949
1.41949
2.36053
2.36053
1.42496
1.42496
1.33946
1.33946
0.237564
0.237564
0.874493
0.874493
1.77277
1.77277
1.69014
1.69014
5.48584
5.48584
0.484948
0.484948
1.11727
1.11727
0.208607
0.208607
2.03599
2.03599
0.0579654
0.0579654
3.84957
3.84957
0.654732
0.654732
0.82296
0.82296
3.85194
3.85194
3.62305
3.62305
2.99361
2.99361
2.85459
2.85459
0.718367
0.718367
1.72973
1.72973
4.89099
4.89099
2.02314
2.02314
0.901104
0.901104
0.544356
0.544356
2.32927
2.32927
5.0145
5.0145
1.99877
1.99877
0.683331
0.683331
1.9324
1.9324
0.482724
0.482724
0.302534
0.302534
1.72063
1.72063
0.286458
0.286458
3.19972
3.19972
1.65031
1.65031
13.4354
13.4354
0.750651
0.750651
1.02703
1.02703
1.22141
1.22141
0.0311148
0.0311148
1.61887
1.61887
6.9938
6.9938
2.52376
2.52376
0.705709
0.705709
1.9382
1.9382
3.4666
3.4666
4.99295
4.99295
2.9856
2.9856
0.215899
0.215899
0.614434
0.614434
0.591254
0.591254
0.415208
0.415208
1.56274
1.56274
4.37464
4.37464
1.60873
1.60873
5.19704
5.19704
0.753329
0.753329
1.39803
1.39803
0.0145602
0.0145602
0.790103
0.790103
2.5486
2.5486
1.01133
1.01133
2.42756
2.42756
0.404199
0.404199
0.576264
0.576264
0.677693
0.677693
0.327224
0.327224
1.56639
1.56639
0.279417
0.279417
3.65913
3.65913
2.15452
2.15452
0.410715
0.410715
1.02109
1.02109
1.19965
1.19965
0.081503
0.081503
0.0447521
0.0447521
4.77477
4.77477
1.04037
1.04037
0.328064
0.328064
2.16804
2.16804
0.0742779
0.0742779
4.14
4.14
3.43475
3.43475
1.66637
1.66637
0.508663
0.508663
0.393337
0.393337
6.44312
6.44312
0.994226
0.994226
2.88612
2.88612
0.68114
0.68114
0.836393
0.836393
1.29733
1.29733
1.23511
1.23511
1.84592
1.84592
0.202525
0.202525
2.05502
2.05502
8.05511
8.05511
0.397328
0.397328
4.38944
4.38944
1.40063
1.40063
2.4965
2.4965
0.59045
0.59045
2.6277
2.6277
1.09781
1.09781
2.3284
2.3284
0.978487
0.978487
1.43374
1.43374
3.48784
3.48784
7.49956
7.49956
0.883155
