0
73.5871
73.5871
1.8278
1.8278
6.89518
6.89518
5.02836
5.02836
0.146642
0.146642
1.53637
1.53637
3.92085
3.92085
1.56808
1.56808
0.971718
0.971718
1.9295
1.9295
3.3535
3.3535
0.28322
0.28322
1.76319
1.76319
5.34578
5.34578
2.18677
2.18677
6.62015
6.62015
6.78094
6.78094
4.39598
4.39598
4.92357
4.92357
2.78079
2.78079
2.44305
2.44305
0.58382
0.58382
1.55927
1.55927
0.569301
0.569301
2.59665
2.59665
11.4003
11.4003
0.161165
0.161165
1.16572
1.16572
3.52586
3.52586
2.90456
2.90456
0.927918
0.927918
1.42165
1.42165
0.658234
0.658234
3.1344
3.1344
1.29779
1.29779
2.52838
2.52838
0.529728
0.529728
0.994493
0.994493
0.315713
0.315713
0.773028
0.773028
3.45214
3.45214
0.264108
0.264108
2.10979
2.10979
0.406563
0.406563
0.82315
0.82315
2.07214
2.07214
7.5149
7.5149
2.9731
2.9731
4.95199
4.95199
10.7174
10.7174
3.66201
3.66201
3.49173
3.49173
1.98692
1.98692
1.31771
1.31771
0.853535
0.853535
1.40952
1.40952
3.27239
3.27239
8.00904
8.00904
1.13939
1.13939
1.73287
1.73287
0.204027
0.204027
7.01981
7.01981
5.65007
5.65007
2.39203
2.39203
1.99071
1.99071
6.66812
6.66812
1.69936
1.69936
3.15914
3.15914
3.25882
3.25882
10.074
10.074
3.40348
3.40348
5.6146
5.6146
2.04291
2.04291
1.12473
1.12473
0.315152
0.315152
2.43284
2.43284
1.81371
1.81371
2.52704
2.52704
1.01512
1.01512
1.12449
1.12449
4.23155
4.23155
5.19997
5.19997
0.997409
0.997409
1.84413
1.84413
1.37835
1.37835
4.16414
4.16414
0.0374714
0.0374714
3.26465
3.26465
0.346643
0.346643
0.687493
0.687493
3.05174
3.05174
1.48872
1.48872
1.78945
1.78945
4.58738
4.58738
1.68194
1.68194
1.04472
1.04472
7.14655
7.14655
3.6394
3.6394
2.00913
2.00913
2.35543
2.35543
2.36943
2.36943
4.61136
4.61136
0.608342
0.608342
2.00949
2.00949
1.09685
1.09685
2.53239
2.53239
1.75911
1.75911
1.82686
1.82686
0.440652
0.440652
1.51911
1.51911
2.65978
2.65978
3.36308
3.36308
2.8075
2.8075
2.14219
2.14219
1.27208
1.27208
0.974646
0.974646
0.672046
0.672046
2.58556
2.58556
2.0654
2.0654
2.98011
2.98011
5.31139
5.31139
5.83677
5.83677
1.50979
1.50979
2.89854
2.89854
4.53982
4.53982
2.59843
2.59843
0.117676
0.117676
2.45524
2.45524
1.19789
1.19789
4.23233
4.23233
1.09189
1.09189
0.112587
0.112587
4.40883
4.40883
0.529739
0.529739
1.16887
1.16887
5.37653
5.37653
5.78933
5.78933
3.55021
3.55021
5.81872
5.81872
2.58439
2.58439
3.05118
3.05118
3.89154
3.89154
1.34995
1.34995
0.361962
0.361962
4.26359
4.26359
0.569995
0.569995
0.366852
0.366852
1.93924
1.93924
2.97514
2.97514
0.29953
0.29953
5.01649
5.01649
1.3669
1.3669
7.23407
7.23407
0.78187
0.78187
1.85138
1.85138
1.4545
1.4545
1.73192
1.73192
0.969706
0.969706
2.9383
2.9383
1.54038
1.54038
2.81052
2.81052
3.48449
3.48449
2.70803
2.70803
0.425628
0.425628
4.41727
4.41727
1.8823
1.8823
2.04125
2.04125
4.79327
4.79327
7.76339
7.76339
1.67989
1.67989
0.56632
0.56632
1.81809
1.81809
3.85306
3.85306
1.20358
1.20358
5.07204
5.07204
1.71115
1.71115
2.57823
2.57823
1.97999
1.97999
5.63254
5.63254
2.34665
2.34665
0.736706
0.736706
3.69542
3.69542
1.43759
1.43759
0.818521
0.818521
2.04698
2.04698
3.55123
3.55123
0.322185
0.322185
1.8897
1.8897
1.2409
1.2409
6.32602
6.32602
0.240774
0.240774
11.0147
11.0147
3.64656
3.64656
0.68234
0.68234
1.34247
1.34247
1.03009
1.03009
2.10285
2.10285
1.59245
1.59245
5.03633
5.03633
2.32708
2.32708
2.75804
2.75804
1.86501
1.86501
6.98779
6.98779
8.89133
8.89133
0.193724
0.193724
0.904341
0.904341
2.63896
2.63896
2.18049
2.18049
1.09823
1.09823
0.543452
0.543452
8.90614
8.90614
2.29067
2.29067
0.832681
0.832681
3.20682
3.20682
4.30441
4.30441
1.52021
1.52021
5.45658
5.45658
1.45423
1.45423
2.09564
2.09564
5.94467
5.94467
1.67137
1.67137
5.61721
5.61721
4.82057
4.82057
1.87491
1.87491
1.05988
1.05988
4.93566
4.93566
1.59035
1.59035
4.84519
4.84519
3.31259
3.31259
0.427177
0.427177
0.0321522
0.0321522
0.438417
0.438417
0.249494
0.249494
7.68449
7.68449
6.27362
6.27362
0.554651
0.554651
1.88962
1.88962
0.290448
0.290448
1.54702
1.54702
0.586114
0.586114
2.85543
2.85543
8.01323
8.01323
0.394971
0.394971
6.20884
6.20884
3.6518
3.6518
2.35655
2.35655
6.02548
6.02548
1.55585
1.55585
2.20363
2.20363
